title:My Picks

Cantata-57
dimwishlist:item=372697604,839105230,3142289711,699525795,47981717,2697220197
dimwishlist:item=372697604,839105230,3142289711,699525795,588594999,2697220197
dimwishlist:item=372697604,839105230,3142289711,699525795,1954620775,2697220197

dimwishlist:item=372697604,839105230,3142289711,699525795,47981717
dimwishlist:item=372697604,839105230,3142289711,699525795,1954620775
dimwishlist:item=372697604,839105230,3142289711,699525795,588594999

Palindrome
dimwishlist:item=1481892490,1467527085,1561002382,3643424744,2846385770,2697220197
dimwishlist:item=1481892490,1467527085,1561002382,3643424744,2213355989,2697220197
dimwishlist:item=1481892490,1467527085,1561002382,706527188,2846385770,2697220197
dimwishlist:item=1481892490,1467527085,1561002382,706527188,2726471870,2697220197

Neuroma
dimwishlist:item=1387987271,1840239774,1561002382,957782887,47981717,186337601
dimwishlist:item=1387987271,1840239774,1885400500,957782887,47981717,186337601
dimwishlist:item=1387987271,839105230,1885400500,957782887,47981717,186337601
dimwishlist:item=1387987271,839105230,1561002382,957782887,47981717,186337601